1470326566
1470326566
1470326566
1470326566
1470326566
1470326566
1470326566
1470326566
1470326566
1470326566
1470326566
1470326566
1470326566
1470326566
1470326566
1470326566
1470326566
1470326566
1470326566
1470326566
1470628966
1470628966
1470628966
1470628966
1470628966
1470628966
1470628966
1470628966
1470628966
1470628966
1470628966
1470628966
1470628966
1470628966
1470628966
1470628966
1470628966
1470628966
1470628966
1470628966
1470931366
1470931366
1470931366
1470931366
1470931366
1470931366
1470931366
1470931366
1470931366
1470931366
1470931366
1470931366
1470931366
1470931366
1470931366
1470931366
1470931366
1470931366
1470931366
1471233766
1471233766
1471233766
1471233766
1471233766
1471233766
1471233766
1471233766
1471233766
1471233766
1471233766
1471233766
1471233766
1471233766
1471233766
1471233766
1471233766
1471233766
1471233766
1471233766
1471536166
1471536166
1471536166
1471536166
1471536166
1471536166
1471536166
1471536166
1471536166
1471536166
1471536166
1471536166
1471536166
1471536166
1471536166
1471536166
1471536166
1471536166
1471536166
1471536166
1471838566
1471838566
1471838566
1471838566
1471838566
1471838566
1471838566
1471838566
1471838566
1471838566
1471838566
1471838566
1471838566
1471838566
1471838566
1471838566
1471838566
1471838566
1471838566
1471838566
1472140966
1472140966
1472140966
1472140966
1472140966
1472140966
1472140966
1472140966
1472140966
1472140966
1472140966
1472140966
1472140966
1472140966
1472140966
1472140966
1472140966
1472140966
1472140966
1472140966
1472443366
1472443366
1472443366
1472443366
1472443366
1472443366
1472443366
1472443366
1472443366
1472443366
1472443366
1472443366
1472443366
1472443366
1472443366
1472443366
1472443366
1472443366
1472443366
1472443366
1472745766
1472745766
1472745766
1472745766
1472745766
1472745766
1472745766
1472745766
1472745766
1472745766
1472745766
1472745766
1472745766
1472745766
1472745766
1472745766
1472745766
1472745766
1472745766
1472745766
1473048166
1473048166
1473048166
1473048166
1473048166
1473048166
1473048166
1473048166
1473048166
1473048166
1473048166
1473048166
1473048166
1473048166
1473048166
1473048166
1473048166
1473048166
1473048166
1473048166
1473350566
1473350566
1473350566
1473350566
1473350566
1473350566
1473350566
1473350566
1473350566
1473350566
1473350566
1473350566
1473350566
1473350566
1473350566
1473350566
1473350566
1473350566
1473350566
1473350566
1473652966
1473652966
1473652966
1473652966
1473652966
1473652966
1473652966
1473652966
1473652966
1473652966
1473652966
1473652966
1473652966
1473652966
1473652966
1473652966
1473652966
1473652966
1473652966
1473652966
1473955366
1473955366
1473955366
1473955366
1473955366
1473955366
1473955366
1473955366
1473955366
1473955366
1473955366
1473955366
1473955366
1473955366
1473955366
1473955366
1473955366
1473955366
1473955366
1473955366
1474257766
1474257766
1474257766
1474257766
1474257766
1474257766
1474257766
1474257766
1474257766
1474257766
1474257766
1474257766
1474257766
1474257766
1474257766
1474257766
1474257766
1474257766
1474257766
1474257766
1474560166
1474560166
1474560166
1474560166
1474560166
1474560166
1474560166
1474560166
1474560166
1474560166
1474560166
1474560166
1474560166
1474560166
1474560166
1474560166
1474560166
1474560166
1474560166
1474560166
1474862566
1474862566
1474862566
1474862566
1474862566
1474862566
1474862566
1474862566
1474862566
1474862566
1474862566
1474862566
1474862566
1474862566
1474862566
1474862566
1474862566
1474862566
1474862566
1474862566
1480500166
1480500166
1480500166
1480500166
1480500166
1480500166
1480500166
1480500166
1480500166
1480500166
1480500166
1480500166
1480500166
1480500166
1480500166
1480500166
1480500166
1480500166
1480500166
1480500166
1480802566
1480802566
1480802566
1480802566
1480802566
1480802566
1480802566
1480802566
1480802566
1480802566
1480802566
1480802566
1480802566
1480802566
1480802566
1480802566
1480802566
1480802566
1480802566
1480802566
1481104966
1481104966
1481104966
1481104966
1481104966
1481104966
1481104966
1481104966
1481104966
1481104966
1481104966
1481104966
1481104966
1481104966
1481104966
1481104966
1481104966
1481104966
1481104966
1481104966
1481407366
1481407366
1481407366
1481407366
1481407366
1481407366
1481407366
1481407366
1481407366
1481407366
1481407366
1481407366
1481407366
1481407366
1481407366
1481407366
1481407366
1481407366
1481407366
1481407366
1481709766
1481709766
1481709766
1481709766
1481709766
1481709766
1481709766
1481709766
1481709766
1481709766
1481709766
1481709766
1481709766
1481709766
1481709766
1481709766
1481709766
1481709766
1481709766
1481709766
1482012166
1482012166
1482012166
1482012166
1482012166
1482012166
1482012166
1482012166
1482012166
1482012166
1482012166
1482012166
1482012166
1482012166
1482012166
1482012166
1482012166
1482012166
1482012166
1482012166
1482314566
1482314566
1482314566
1482314566
1482314566
1482314566
1482314566
1482314566
1482314566
1482314566
1482314566
1482314566
1482314566
1482314566
1482314566
1482314566
1482314566
1482314566
1482314566
1482314566
1482616966
1482616966
1482616966
1482616966
1482616966
1482616966
1482616966
1482616966
1482616966
1482616966
1482616966
1482616966
1482616966
1482616966
1482616966
1482616966
1482616966
1482616966
1482616966
1482616966
1482919366
1482919366
1482919366
1482919366
1482919366
1482919366
1482919366
1482919366
1482919366
1482919366
1482919366
1482919366
1482919366
1482919366
1482919366
1482919366
1482919366
1482919366
1482919366
1482919366
1483221766
1483221766
1483221766
1483221766
1483221766
1483221766
1483221766
1483221766
1483221766
1483221766
1483221766
1483221766
1483221766
1483221766
1483221766
1483221766
1483221766
1483221766
1483221766
1483221766
1483524166
1483524166
1483524166
1483524166
1483524166
1483524166
1483524166
1483524166
1483524166
1483524166
1483524166
1483524166
1483524166
1483524166
1483524166
1483524166
1483524166
1483524166
1483524166
1483524166
1483826566
1483826566
1483826566
1483826566
1483826566
1483826566
1483826566
1483826566
1483826566
1483826566
1483826566
1483826566
1483826566
1483826566
1483826566
1483826566
1483826566
1483826566
1483826566
1483826566
1484128966
1484128966
1484128966
1484128966
1484128966
1484128966
1484128966
1484128966
1484128966
1484128966
1484128966
1484128966
1484128966
1484128966
1484128966
1484128966
1484128966
1484128966
1484128966
1484128966
1484431366
1484431366
1484431366
1484431366
1484431366
1484431366
1484431366
1484431366
1484431366
1484431366
1484431366
1484431366
1484431366
1484431366
1484431366
1484431366
1484431366
1484431366
1484431366
1484431366
1484733766
1484733766
1484733766
1484733766
1484733766
1484733766
1484733766
1484733766
1484733766
1484733766
1484733766
1484733766
1484733766
1484733766
1484733766
1484733766
1484733766
1484733766
1484733766
1484733766
1485036166
1485036166
1485036166
1485036166
1485036166
1485036166
1485036166
1485036166
1485036166
1485036166
1485036166
1485036166
1485036166
1485036166
1485036166
1485036166
1485036166
1485036166
1485036166
1485036166
1485338566
1485338566
1485338566
1485338566
1485338566
1485338566
1485338566
1485338566
1485338566
1485338566
1485338566
1485338566
1485338566
1485338566
1485338566
1485338566
1485338566
1485338566
1485338566
1485338566
1485640966
1485640966
1485640966
1485640966
1485640966
1485640966
1485640966
1485640966
1485640966
1485640966
1485640966
1485640966
1485640966
1485640966
1485640966
1485640966
1485640966
1485640966
1485640966
1485640966
1485943366
1485943366
1485943366
1485943366
1485943366
1485943366
1485943366
1485943366
1485943366
1485943366
1485943366
1485943366
1485943366
1485943366
1485943366
1485943366
1485943366
1485943366
1485943366
1485943366
